1000
3000
4000
5000
6000
6001
6002
6003
6004
6005
6006
6007
6100
6201
6202
6203
6204
6205
6501
6502
6503
8001
8002
8003
8004
8005
10001
10002
10003
10004
10005
10006
10100
10101
10102
10103
10104
10105
10106
10200
10201
10202
10203
10800
10801
10802
10850
10851
10852
10900
10901
11000
11001
11002
11003
11004
11005
11050
11051
11100
11200
11300
11500
11501
11502
11503
11504
11505
11506
11507
11508
11900
11901
11902
11903
11904
14000
14001
14002
14003
14004
14005
14100
15000
15001
15002
15003
15004
15005
16000
16001
16002
16003
16004
16005
16006
16007
16008
16009
16010
16011
16012
16013
16014
16015
16016
16017
16100
16101
16102
16103
16104
16105
16106
16107
17000
17001
17002
17003
17004
17100
17101
17200
17201
17202
18000
18001
18100
18101
18102
18103
18104
18105
18106
18107
18108
18109
18110
18111
18112
18113
18114
18115
18116
18117
18118
18119
18120
18121
18200
18201
18202
18500
18501
18502
18900
18901
18902
18903
18904
18905
18906
18907
18908
19001
19002
19003
19004
19005
19006
19007
19010
19012
19013
19050
19051
19070
19071
19072
19073
19076
